2392.34,2793.65,706.74,473.15,678.82,519.01,82.86,146.49,1329.42,10966.46,766.11,223.84,2.79,16.87,23.10,47.19,61.85,36.67
2390.08,2839.44,704.08,470.60,704.07,524.70,83.81,148.74,1351.74,11029.45,798.79,235.08,2.79,16.87,23.10,47.19,61.85,36.67
2391.21,2813.14,709.41,474.85,685.13,521.29,83.34,146.94,1331.77,11176.30,778.95,233.21,2.79,16.87,23.10,47.19,61.85,36.67
2639.40,2907.62,736.93,492.72,721.19,541.77,84.77,155.93,1424.19,11202.20,809.29,253.81,2.79,16.87,23.10,47.19,61.85,36.67
2612.20,2875.48,727.16,485.92,704.97,537.22,84.77,152.78,1402.26,11071.19,784.79,235.08,2.79,16.87,23.10,47.19,61.85,36.67
3002.04,2865.74,714.73,479.96,759.96,587.30,88.58,170.75,1487.62,10772.07,805.21,264.12,2.79,17.81,24.02,47.19,62.64,36.67
4065.05,3049.84,756.46,508.04,960.09,664.70,106.67,267.82,2091.44,10805.69,855.39,314.69,3.72,17.81,24.02,48.13,64.23,36.67
6521.99,3211.53,843.48,565.06,1022.29,822.91,114.29,319.49,2271.18,11187.12,927.16,417.72,3.72,17.81,24.02,48.13,64.23,37.37
5768.37,3216.40,785.76,537.83,997.05,786.48,117.62,325.78,2136.48,11102.88,945.24,372.76,3.72,17.81,24.02,48.13,64.23,37.37
7257.49,3352.78,878.10,586.33,1075.48,822.91,132.39,407.56,2517.10,11524.50,1014.09,387.75,3.72,17.81,24.02,49.08,65.02,37.37
9399.38,3483.30,894.08,591.44,1230.54,934.45,150.48,550.46,3053.96,10699.80,964.50,490.77,3.72,18.74,24.95,49.08,67.40,38.08
9155.72,3340.11,869.22,593.99,1209.80,935.59,180.48,631.79,2753.22,11441.03,1049.69,480.47,3.72,17.81,24.95,50.02,68.19,38.78
9486.64,3400.51,933.15,609.31,1199.89,924.20,160.01,548.66,2741.08,11098.63,1074.19,494.52,3.72,17.81,24.95,50.02,68.19,38.08
4514.96,3019.64,765.34,498.68,867.24,713.64,107.62,224.23,1991.20,10357.79,802.29,353.09,3.72,17.81,24.02,48.13,63.43,36.67
4041.26,2981.65,757.35,496.13,831.18,677.22,103.34,210.75,1853.75,10642.61,810.46,326.87,2.79,17.81,24.02,48.13,63.43,36.67
3550.55,2820.93,736.04,482.51,791.51,620.31,92.86,175.70,1638.77,10286.68,790.04,282.85,2.79,17.81,24.02,48.13,63.43,36.67
