6720.32,3355.70,871.89,623.78,1123.26,792.17,524.31,902.75,2273.92,12974.87,1335.59,387.75,2.79,17.81,25.87,53.79,72.95,40.90
6817.78,3372.26,877.21,628.88,1136.78,800.14,637.65,1013.74,2293.11,13061.82,1367.10,394.30,2.79,17.81,26.80,54.74,73.74,42.31
6835.91,3371.28,877.21,629.73,1141.29,802.42,685.74,1059.58,2292.72,13076.12,1380.52,397.11,2.79,17.81,26.80,55.68,73.74,42.31
6823.44,3369.33,877.21,630.58,1142.19,801.28,727.65,1099.57,2293.89,13101.63,1392.77,398.05,2.79,17.81,26.80,55.68,74.54,42.31
6835.91,3371.28,878.99,631.43,1145.80,803.56,755.27,1126.98,2297.81,13123.27,1402.11,399.92,2.79,17.81,26.80,55.68,74.54,43.01
6832.51,3371.28,878.99,632.29,1146.70,804.69,769.08,1140.46,2295.07,13122.88,1406.19,400.86,2.79,17.81,27.72,55.68,74.54,43.01
6829.11,3373.23,878.99,632.29,1148.50,804.69,779.08,1150.35,2295.07,13127.91,1409.11,400.86,2.79,17.81,27.72,55.68,74.54,43.01
6817.78,3366.41,877.21,631.43,1145.80,803.56,781.46,1151.70,2290.37,13140.27,1410.86,401.79,2.79,17.81,27.72,55.68,74.54,43.01
6816.65,3369.33,878.10,632.29,1145.80,803.56,774.80,1144.96,2290.76,13129.07,1406.78,400.86,2.79,17.81,27.72,55.68,74.54,43.01
6817.78,3371.28,878.10,631.43,1147.60,804.69,776.22,1146.75,2292.72,13108.97,1407.36,400.86,2.79,17.81,27.72,55.68,74.54,43.01
6826.84,3373.23,878.99,633.14,1149.40,805.83,784.32,1154.84,2295.07,13130.23,1410.86,401.79,2.79,17.81,27.72,55.68,74.54,43.01
6983.24,3376.15,876.33,627.18,1145.80,809.25,640.98,1025.43,2324.44,12965.98,1350.18,400.86,2.79,17.81,26.80,54.74,73.74,42.31
6977.57,3375.18,876.33,627.18,1147.60,811.52,633.36,1015.09,2320.52,12919.61,1347.85,399.92,2.79,17.81,26.80,54.74,73.74,42.31
6976.44,3372.26,876.33,627.18,1143.99,810.39,635.27,1016.89,2318.95,12965.60,1350.76,398.05,2.79,17.81,26.80,54.74,73.74,42.31
