4741.62,3222.25,812.40,550.59,881.66,660.15,101.43,262.42,1975.14,11548.85,935.91,303.45,2.79,17.81,24.02,48.13,63.43,36.67
4733.69,3240.76,815.06,553.14,880.76,660.15,102.39,262.87,1990.42,11606.82,937.66,305.33,2.79,17.81,24.02,48.13,63.43,36.67
4714.42,3247.57,815.95,553.99,878.96,659.01,102.39,262.42,1989.24,11586.72,935.91,303.45,2.79,17.81,24.02,48.13,63.43,36.67
4734.82,3224.20,815.06,553.14,878.96,653.32,101.91,263.32,1984.93,11585.56,941.16,301.58,2.79,17.81,24.02,48.13,63.43,36.67
4977.34,3277.77,827.49,563.36,905.10,671.53,105.24,278.15,2035.06,11713.48,963.91,307.20,2.79,17.81,24.02,48.13,64.23,36.67
5139.40,3309.92,836.37,569.31,916.82,679.49,108.58,292.08,2076.17,11796.57,975.00,308.14,2.79,17.81,24.02,48.13,64.23,37.37
5205.13,3305.05,837.26,571.01,921.33,681.77,110.96,300.17,2090.66,11803.91,980.25,309.07,2.79,17.81,24.02,48.13,64.23,37.37
5302.59,3326.48,840.81,573.57,929.44,692.01,113.81,309.16,2111.81,11851.44,989.00,313.76,2.79,17.81,24.02,48.13,64.23,37.37
5372.85,3333.29,844.36,577.82,935.75,693.15,115.72,316.35,2123.16,11883.52,997.76,313.76,2.79,17.81,24.02,48.13,64.23,37.37
5378.52,3337.19,842.59,576.12,935.75,689.74,115.24,318.14,2125.51,11871.92,997.76,313.76,2.79,17.81,24.02,48.13,64.23,37.37
5267.46,3315.76,840.81,572.72,926.73,687.46,116.67,306.91,2102.41,11804.29,983.17,312.82,2.79,17.81,24.02,48.13,64.23,37.37
5489.58,3318.68,844.36,577.82,943.86,694.29,121.43,332.52,2147.83,11886.22,1003.59,318.44,3.72,17.81,24.02,48.13,65.02,37.37
5609.71,3345.96,851.47,582.93,953.78,703.40,124.77,345.55,2168.20,11944.19,1015.26,321.25,3.72,17.81,24.02,48.13,65.02,37.37
5604.04,3349.85,849.69,582.08,951.98,699.98,124.77,343.76,2168.98,11934.53,1017.01,318.44,3.72,17.81,24.02,48.13,65.02,37.37
5640.31,3313.81,843.48,576.12,951.98,704.53,123.81,341.96,2159.97,11910.96,1001.26,324.99,3.72,17.81,24.02,48.13,65.02,37.37
5749.10,3337.19,851.47,583.78,966.40,709.09,128.58,360.38,2184.64,11967.77,1023.43,325.93,3.72,17.81,24.02,49.08,65.02,37.37
5861.29,3339.14,854.13,587.18,973.61,713.64,131.91,376.11,2202.65,12018.01,1033.35,328.74,3.72,17.81,24.02,49.08,65.81,37.37
5945.16,3364.46,856.79,589.74,985.33,720.47,136.67,388.24,2223.80,12055.11,1048.52,331.55,3.72,17.81,24.02,49.08,65.81,37.37
5968.96,3349.85,856.79,587.18,988.04,723.88,138.10,384.65,2231.63,12043.90,1041.52,334.36,3.72,17.81,24.02,49.08,65.81,37.37
5316.19,3276.80,826.61,558.25,944.76,725.02,122.86,302.42,2127.47,11457.26,938.24,335.30,3.72,17.81,24.02,48.13,64.23,37.37
5198.33,3257.32,824.83,556.55,925.83,703.40,120.48,291.63,2093.01,11505.18,943.49,326.87,3.72,17.81,24.02,48.13,64.23,37.37
5096.33,3269.98,826.61,558.25,918.62,701.12,120.48,290.28,2078.91,11573.58,941.16,324.06,3.72,17.81,24.02,48.13,64.23,37.37
4894.61,3233.94,809.74,540.38,905.10,688.60,114.29,274.11,2026.44,11447.60,917.24,323.12,2.79,17.81,24.02,48.13,64.23,37.37
