4533.10,3460.90,806.18,549.74,888.87,663.56,105.72,250.74,1924.63,11431.37,942.33,294.09,2.79,17.81,24.02,48.13,63.43,37.37
5353.59,3171.60,815.95,553.99,915.92,713.64,113.81,309.16,1986.89,11480.83,939.99,335.30,3.72,17.81,24.02,48.13,64.23,37.37
6302.14,3371.28,871.89,590.59,1030.41,766.00,130.96,362.18,2321.30,11778.79,1037.43,367.14,3.72,17.81,24.02,49.08,65.02,37.37
6883.51,3430.70,893.20,608.46,1062.86,788.76,155.72,436.32,2412.93,12200.41,1081.19,384.00,3.72,17.81,24.02,49.08,66.61,38.08
6954.90,3356.67,874.55,599.95,1072.78,788.76,181.44,507.77,2403.93,12133.94,1123.79,382.13,3.72,17.81,24.95,50.02,68.19,38.08
7288.09,3444.34,914.51,629.73,1108.84,803.56,234.77,582.36,2440.35,12623.97,1154.13,393.36,3.72,17.81,24.95,50.96,68.99,38.78
6899.37,3320.63,865.67,600.80,1065.56,781.93,246.20,591.80,2342.84,12265.34,1154.13,369.95,3.72,17.81,24.95,50.96,69.78,38.78
6852.91,3365.44,871.00,610.16,1092.61,780.79,275.25,636.29,2346.37,12458.18,1187.39,368.08,3.72,17.81,24.95,51.91,69.78,39.49
6869.91,3322.58,867.45,608.46,1083.59,786.48,300.49,666.39,2329.14,12450.06,1196.14,375.57,3.72,17.81,24.95,51.91,70.57,39.49
6886.91,3328.42,859.46,603.35,1088.10,784.21,311.92,677.63,2325.61,12417.99,1206.64,369.95,3.72,17.81,24.95,51.91,71.36,39.49
7020.63,3339.14,867.45,610.16,1109.74,804.69,339.06,720.32,2349.11,12494.89,1229.40,384.00,3.72,17.81,24.95,52.85,71.36,40.19
7067.10,3389.79,879.88,616.97,1117.85,801.28,368.59,748.18,2352.63,12714.40,1246.32,389.62,2.79,17.81,25.87,52.85,71.36,40.19
7048.97,3342.06,877.21,620.37,1120.56,802.42,407.64,792.21,2340.10,12752.66,1257.41,390.55,2.79,17.81,25.87,52.85,72.16,40.19
7511.34,3390.76,893.20,626.33,1177.35,828.60,454.78,865.46,2462.67,12741.06,1280.75,414.91,3.72,17.81,25.87,53.79,72.95,40.90
7419.55,3390.76,888.76,624.63,1185.46,835.43,447.16,863.21,2445.83,12687.73,1276.08,415.84,3.72,17.81,25.87,53.79,72.95,40.90
7500.01,3410.25,882.54,616.97,1172.84,842.25,417.16,817.83,2465.41,12528.13,1204.31,413.03,3.72,17.81,25.87,52.85,71.36,40.19
6029.02,3280.69,783.10,523.36,1009.67,829.73,127.62,314.10,2431.73,10278.57,836.13,405.54,3.72,17.81,24.95,48.13,65.02,37.37
5333.19,3138.48,774.22,517.40,946.57,777.38,119.05,280.40,2132.95,10578.84,857.72,375.57,3.72,17.81,24.02,48.13,64.23,37.37
4989.81,3118.02,775.11,518.25,925.83,746.65,116.20,272.76,2086.35,10805.31,873.47,362.46,3.72,17.81,24.02,48.13,64.23,37.37
3580.01,2914.44,745.81,495.28,793.31,615.76,95.24,186.03,1666.97,10899.60,815.71,294.09,2.79,17.81,24.02,48.13,63.43,36.67
