2285.81,2774.17,702.30,469.75,672.51,507.63,81.91,142.89,1299.27,10978.83,766.70,223.84,2.79,16.87,23.10,47.19,61.85,36.67
2306.21,2794.63,706.74,473.15,677.92,507.63,81.91,143.79,1307.50,11100.17,776.03,232.27,2.79,16.87,23.10,47.19,61.85,36.67
2594.06,2849.18,721.84,484.21,727.50,531.53,84.77,157.27,1414.40,11139.98,805.79,241.64,2.79,16.87,24.02,47.19,62.64,36.67
4760.89,3011.85,754.69,506.34,921.33,718.19,101.43,240.85,1932.07,10647.63,860.05,354.96,3.72,17.81,24.02,48.13,63.43,36.67
4839.08,2993.34,726.28,496.13,968.20,756.89,109.05,303.31,1997.46,10374.79,862.39,386.81,3.72,17.81,24.02,48.13,64.23,37.37
6089.08,3174.52,790.20,537.83,1055.65,775.10,122.39,371.17,2271.57,10715.26,920.74,394.30,3.72,17.81,24.95,48.13,65.81,37.37
8974.40,3525.19,932.26,626.33,1241.36,918.51,176.67,572.93,2816.26,11932.21,1119.12,483.28,3.72,17.81,24.95,50.02,68.19,38.08
9663.43,3531.03,935.81,626.33,1305.36,943.55,204.29,664.60,3098.60,11880.04,1117.95,504.82,3.72,17.81,24.95,50.96,69.78,38.78
8374.90,3478.43,940.25,640.80,1197.18,850.22,320.49,750.87,2689.78,12668.80,1239.32,436.45,3.72,17.81,24.95,51.91,71.36,39.49
9947.88,3513.50,948.24,643.35,1323.39,951.52,311.92,838.94,2979.95,12001.77,1224.73,511.37,3.72,17.81,25.87,52.85,72.16,40.19
8756.81,3352.78,882.54,612.71,1247.67,908.27,375.73,869.95,2627.52,12267.66,1228.82,473.91,3.72,17.81,25.87,53.79,72.95,40.90
9150.06,3543.69,985.53,664.62,1353.14,959.49,346.21,882.08,3057.48,12560.59,1165.22,530.11,3.72,17.81,25.87,52.85,71.36,40.19
6821.18,3336.22,820.39,540.38,1031.31,867.29,143.82,341.96,2595.41,10085.73,842.55,430.83,3.72,17.81,24.95,49.08,65.81,37.37
5645.97,3204.72,791.09,522.51,965.50,791.04,129.53,293.43,2227.32,10598.17,859.47,388.68,3.72,17.81,24.95,48.13,65.02,37.37
4146.65,3019.64,742.26,491.87,887.07,677.22,109.05,222.88,1962.61,10580.39,856.55,327.80,2.79,17.81,24.02,48.13,64.23,37.37
