1946.97,2702.09,685.43,456.98,634.65,475.76,77.15,130.31,1185.32,10862.12,724.10,206.98,2.79,16.87,23.10,47.19,61.85,35.96
1919.77,2691.38,682.77,454.43,631.95,470.07,76.67,129.86,1169.27,10833.52,728.19,207.92,2.79,16.87,23.10,47.19,61.85,35.96
1943.57,2692.35,683.66,454.43,631.95,470.07,76.67,129.86,1167.70,10837.38,729.35,208.86,2.79,16.87,23.10,47.19,61.85,35.96
1932.23,2694.30,683.66,454.43,632.85,470.07,76.19,129.86,1171.22,10861.34,728.19,208.86,2.79,16.87,23.10,47.19,61.85,35.96
1954.90,2700.14,686.32,456.13,632.85,470.07,76.19,130.31,1179.84,10861.34,729.35,208.86,2.79,16.87,23.10,47.19,61.85,35.96
1979.83,2714.75,688.99,458.68,636.45,472.35,76.67,131.21,1193.15,10916.22,733.44,210.73,2.79,16.87,23.10,47.19,61.85,35.96
2033.09,2752.74,699.64,464.64,649.07,479.17,77.15,133.46,1221.35,10985.40,743.94,212.60,2.79,16.87,23.10,47.19,61.85,35.96
2088.62,2753.72,699.64,464.64,648.17,481.45,77.62,134.81,1236.23,10964.53,742.19,216.35,2.79,16.87,23.10,47.19,61.85,35.96
2160.02,2764.43,702.30,467.19,650.88,484.87,78.10,136.60,1258.94,10934.77,741.02,215.41,2.79,16.87,23.10,47.19,61.85,35.96
2199.69,2814.11,712.07,474.00,671.61,497.39,79.05,138.40,1275.39,11129.16,763.20,223.84,2.79,16.87,23.10,47.19,61.85,36.67
2699.46,2785.86,695.20,467.19,726.60,563.40,84.29,155.93,1382.68,10874.87,791.20,262.24,2.79,17.81,24.02,47.19,62.64,36.67
3062.11,2880.35,708.52,481.66,744.63,590.72,88.10,173.90,1486.06,10708.69,814.54,249.13,2.79,17.81,24.02,47.19,62.64,36.67
3088.17,2984.57,739.59,500.38,766.27,610.07,90.00,171.65,1504.85,11167.03,840.22,250.07,2.79,17.81,24.02,47.19,62.64,36.67
3478.02,3012.82,766.23,509.74,781.59,622.59,90.00,181.99,1641.12,11081.62,836.72,268.80,2.79,17.81,24.02,48.13,62.64,36.67
5496.38,3132.63,799.97,536.12,988.04,767.13,109.53,297.47,2042.11,11067.71,908.48,375.57,3.72,17.81,24.02,48.13,64.23,37.37
5886.23,3227.12,818.62,548.89,1021.39,796.73,120.96,334.77,2301.33,11321.61,957.50,388.68,3.72,17.81,24.02,49.08,65.02,37.37
7964.65,3330.37,858.57,554.85,1090.81,875.26,131.43,374.76,2761.44,10280.89,872.31,458.93,3.72,17.81,24.95,49.08,65.81,37.37
3170.90,2824.83,728.05,471.45,747.34,613.48,93.34,181.09,1719.44,10328.81,749.78,294.09,2.79,17.81,24.02,48.13,63.43,36.67
2946.51,2888.14,737.82,481.66,734.72,577.06,90.96,178.84,1740.19,10620.97,770.20,274.42,2.79,17.81,24.02,48.13,62.64,36.67
2858.12,2870.61,709.41,462.09,724.80,541.77,89.05,167.16,1661.10,10805.31,771.37,270.67,2.79,17.81,24.02,48.13,62.64,36.67
2528.33,2782.94,704.97,468.04,704.97,536.08,84.29,148.74,1353.70,10809.17,775.45,247.26,2.79,16.87,24.02,47.19,62.64,36.67
