6344.07,3328.42,882.54,655.26,1234.14,853.64,2460.58,2904.63,2190.52,13964.97,1978.59,504.82,2.79,18.74,33.26,57.57,73.74,49.36
6790.58,3331.35,883.43,656.96,1238.65,867.29,2554.40,3004.38,2195.21,14044.19,1994.93,521.68,2.79,18.74,34.19,59.46,73.74,51.47
6373.53,3331.35,883.43,657.82,1240.45,859.33,2606.30,3058.31,2196.78,14009.41,2003.68,510.44,2.79,18.74,34.19,58.51,74.54,50.06
6376.93,3332.32,884.32,657.82,1241.36,860.47,2638.21,3092.01,2198.74,14013.66,2008.93,511.37,2.79,18.74,34.19,58.51,74.54,50.06
6375.80,3331.35,883.43,657.82,1242.26,860.47,2646.78,3101.45,2197.96,14011.34,2009.52,511.37,2.79,18.74,34.19,58.51,74.54,50.06
6375.80,3328.42,883.43,656.96,1241.36,861.60,2646.30,3100.55,2196.00,14017.53,2007.77,512.31,2.79,18.74,34.19,58.51,73.74,50.06
6372.40,3332.32,884.32,657.82,1242.26,861.60,2649.64,3104.59,2200.70,14014.44,2010.68,511.37,2.79,18.74,34.19,58.51,73.74,50.06
6370.13,3331.35,882.54,656.96,1242.26,860.47,2645.83,3099.65,2197.17,13995.50,2010.68,511.37,2.79,18.74,34.19,58.51,73.74,50.06
6370.13,3332.32,884.32,657.82,1242.26,861.60,2649.64,3104.59,2197.96,14007.87,2009.52,511.37,2.79,18.74,34.19,58.51,73.74,50.06
6372.40,3332.32,884.32,657.82,1243.16,862.74,2645.35,3100.55,2194.82,14011.34,2007.77,512.31,2.79,18.74,34.19,58.51,73.74,50.06
6372.40,3333.29,884.32,657.82,1245.86,863.88,2646.30,3102.34,2196.78,13971.54,2007.77,512.31,2.79,18.74,34.19,58.51,73.74,50.06
