2132.82,2751.77,697.86,466.34,654.48,495.11,79.53,138.40,1267.95,10965.69,751.53,218.22,2.79,16.87,23.10,47.19,61.85,36.67
2099.96,2748.85,695.20,463.79,651.78,489.42,79.05,136.15,1236.23,10966.46,749.78,214.48,2.79,16.87,23.10,47.19,61.85,36.67
2112.42,2750.80,694.31,463.79,655.39,490.56,79.05,136.60,1241.32,10921.63,752.11,218.22,2.79,16.87,23.10,47.19,61.85,36.67
2135.09,2761.51,696.98,464.64,657.19,491.69,79.53,137.50,1249.93,10945.20,754.44,217.29,2.79,16.87,23.10,47.19,61.85,36.67
2188.35,2781.97,704.08,469.75,661.70,495.11,79.53,138.85,1266.38,11036.02,757.94,221.03,2.79,16.87,23.10,47.19,61.85,36.67
2208.75,2796.58,704.97,470.60,666.20,497.39,80.00,139.75,1277.74,11048.00,763.78,221.03,2.79,16.87,23.10,47.19,61.85,36.67
2267.68,2806.32,707.63,472.30,670.71,501.94,80.48,141.55,1296.53,11033.70,765.53,222.91,2.79,16.87,23.10,47.19,61.85,36.67
2289.21,2809.24,709.41,474.00,670.71,504.21,80.48,142.00,1303.97,10989.65,763.78,221.97,2.79,16.87,23.10,47.19,61.85,36.67
2311.88,2824.83,712.96,475.70,677.02,509.91,80.96,142.89,1306.71,11117.95,771.95,226.65,2.79,16.87,23.10,47.19,61.85,36.67
2447.87,2883.27,725.39,485.06,694.15,519.01,82.38,148.29,1363.88,11216.50,783.03,232.27,2.79,16.87,23.10,47.19,62.64,36.67
2535.13,2862.81,717.40,481.66,696.85,529.25,83.81,151.88,1387.38,10973.42,785.37,227.59,2.79,16.87,24.02,47.19,62.64,36.67
2758.39,2958.27,743.15,497.83,723.00,553.16,86.19,159.07,1461.00,11318.91,812.79,236.96,2.79,17.81,24.02,47.19,62.64,36.67
3072.31,2996.26,754.69,507.19,747.34,582.75,89.53,169.86,1530.31,11282.58,830.30,241.64,2.79,17.81,24.02,47.19,62.64,36.67
3218.50,2927.10,726.28,489.32,777.99,585.03,90.00,183.79,1548.32,10956.80,816.88,288.47,2.79,17.81,24.02,47.19,62.64,36.67
