6515.19,3362.52,888.76,660.37,1250.37,865.02,2683.45,3132.00,2219.49,14152.40,2032.27,519.80,2.79,18.74,35.11,59.46,75.33,50.77
6430.20,3464.79,924.27,684.20,1314.38,866.16,2915.36,3481.15,2462.27,14162.06,2070.20,519.80,3.72,19.68,39.73,59.46,80.09,50.77
6431.33,3360.57,889.64,660.37,1249.47,866.16,2680.59,3127.96,2215.97,14166.70,2030.52,520.74,2.79,18.74,35.11,59.46,75.33,50.77
6429.07,3386.87,889.64,660.37,1258.48,866.16,2682.97,3130.20,2266.48,14163.22,2035.77,519.80,2.79,18.74,36.04,59.46,76.12,50.77
6426.80,3359.59,889.64,660.37,1250.37,865.02,2679.16,3126.16,2217.14,14143.90,2032.27,519.80,2.79,18.74,35.11,59.46,75.33,50.77
6432.46,3358.62,889.64,660.37,1250.37,866.16,2682.50,3129.75,2216.36,14160.13,2032.27,519.80,2.79,18.74,35.11,59.46,75.33,50.77
6426.80,3358.62,889.64,660.37,1250.37,866.16,2682.02,3128.86,2215.97,14158.97,2028.77,519.80,2.79,18.74,35.11,59.46,75.33,50.77
6426.80,3359.59,889.64,660.37,1250.37,866.16,2682.97,3130.20,2217.14,14161.29,2032.27,519.80,2.79,18.74,35.11,59.46,75.33,50.77
6425.67,3361.54,889.64,661.22,1252.17,867.29,2684.40,3131.55,2219.10,14155.49,2031.69,520.74,2.79,18.74,35.11,59.46,75.33,51.47
6430.20,3360.57,889.64,661.22,1250.37,866.16,2683.45,3132.00,2219.49,14171.72,2032.86,520.74,2.79,18.74,36.04,59.46,75.33,51.47
6427.93,3359.59,889.64,660.37,1251.27,865.02,2682.02,3129.75,2218.32,14160.52,2031.11,518.87,2.79,18.74,35.11,59.46,75.33,51.47
